2.3-5
	1 2 3 4 5 6 7 8 9 10 11 12 13 14 15 16 17 18 19 20 0 5 20 0 21 22
	

	0 0 2

2.3-6
	1 2 3 4 5 6 7 8 9 10 11 12 13 14 15 16 17 18 19 20 0 5
	1 2 3 4 5 6 7 8 9 10 11 12 13 14 15 16 17 18 19 20 0 20
	1 2 3 4 5 6 7 8 9 10 11 12 13 14 15 16 17 18 19 20 0 21
	1 2 3 4 5 6 7 8 9 10 11 12 13 14 15 16 17 18 19 20 0 0
	1 2 3 4 5 6 7 8 9 10 11 12 13 14 15 16 17 18 19 20 0 1
	1 2 3 4 5 6 7 8 9 10 11 12 13 14 15 16 17 18 19 20 0 22
	0 5

2.3-7
	1 3 6 10 15 16 17 18 19 20 0

2.3-8
	1 2 3 4 5 6 7 8 9 10 11 12 13 14 15 16 17 18 19 20 0 5
	1 2 3 4 5 6 7 8 9 10 11 12 13 14 15 16 17 18 19 20 0 20
	1 2 3 4 5 6 7 8 9 10 11 12 13 14 15 16 17 18 19 20 0 1
	1 2 3 4 5 6 7 8 9 10 11 12 13 14 15 16 17 18 19 20 0 21
	1 2 3 4 5 6 7 8 9 10 11 12 13 14 15 16 17 18 19 20 0
	0 0 5

2.3-9	
	10 20 30 40 50 60 70 80 90 100 0 25	
	10 20 30 40 50 60 70 80 90 100 0 85	
	10 20 30 40 50 60 70 80 90 100 0 110	
	10 20 30 40 50 60 70 80 90 100 0 8

2.3-10
	1 2 3 4 5 6 7 8 9 10 20 30 40 50 60 0
	10 20 30 40 50 60 70 80 90 100 0

2.3-11
	1 3 6 10 15 16 17 18 19 20 0
	1 2 3 4 5 6 7 8 9 10 18 20 30 0
	1 3 6 10 15 16 17 18 19 20 0
	2 4 5 7 8 9 12 22 0
	0
	1 2 3 4 5 6 7 8 9 10 0

2.3-12
	2 3 4 5 6 7 8 9 0
	1 1 2 2 2 3 4 5 5 5 6 6 7 7 8 8 9 0
	1 2 3 4 5 5 6 7 8 8 9 9 9 9 9 0

2.3-13
	1 3 6 10 15 16 17 18 19 20 0
	1 2 3 4 5 6 7 8 9 10 18 20 30 0
	1 3 6 10 15 16 17 18 19 20 0
	2 4 5 7 8 9 12 22 0
	0
	1 2 3 4 5 6 7 8 9 10 0


	




 	 		  	